4
-73.4585647113
	C      0.99986405       0.23177626       3.61330984
	C      1.31994197       0.00000000       2.12826443
	N      2.28042116       0.90261869       1.53261663
	C      0.63039531       1.67599713       3.87908078
	O      0.27802005       2.45599936       2.96721037
	N      0.67308545       2.11953257       5.17525129
	C      0.00000000      -0.00000000       1.35905236
	O     -1.12324149      -0.05573149       1.86199627
	O      0.00000000       0.00000000       0.00000000
	H      3.20180103       0.69388810       1.87418814
	H      2.05674377       1.85507007       1.74347075
	H      1.73902101      -1.04957859       2.02565332
	H      0.14537347      -0.42236373       3.93154758
	H      1.89604835      -0.06959333       4.21978328
	H      0.42845888       3.05642969       5.38035817
	H      0.95381326       1.52521298       5.91092283
	H      0.90381159       0.08597924      -0.33981220
-73.4577326029
	C      0.99986405       0.23177626       3.61330984
	C      1.31994197       0.00000000       2.12826443
	N      2.28042116       0.90261869       1.53261663
	C      2.21492543      -0.01057647       4.48383052
	O      3.37726463      -0.02551685       4.02250221
	N      2.01308224      -0.20042349       5.82614999
	C     -0.00000000       0.00000000       1.35905236
	O     -1.12324149      -0.05573149       1.86199627
	O      0.00000000       0.00000000       0.00000000
	H      3.20180103       0.69388810       1.87418814
	H      2.05674377       1.85507007       1.74347075
	H      1.73902101      -1.04957859       2.02565332
	H      0.64729690       1.28507891       3.77324261
	H      0.15694922      -0.45121529       3.90450920
	H      2.78927947      -0.35239112       6.42122216
	H      1.10546579      -0.19930324       6.21276044
	H      0.90381159       0.08597924      -0.33981220
-73.4569131866
	C      1.79812222      -1.45624575       2.27324158
	C      1.31987110      -0.00000000       2.13217350
	N      1.22726894       0.65174079       3.42100929
	C      2.51473695      -1.92346819       1.02166883
	O      2.60834786      -1.20995520      -0.00297050
	N      3.07539955      -3.17222870       1.03379480
	C      0.00000000       0.00000000       1.35639578
	O     -1.12302576       0.02577701       1.86620438
	O      0.00000000       0.00000000       0.00000000
	H      0.51869085       0.22175434       3.98498611
	H      1.00619353       1.62121849       3.30215916
	H      2.08356055       0.56900457       1.51677614
	H      2.50419284      -1.53615617       3.14432163
	H      0.92180940      -2.12682328       2.47594588
	H      3.55056516      -3.50302936       0.23047755
	H      3.01709398      -3.75242650       1.82957286
	H      0.90895386      -0.06706627      -0.34042571
-73.4557044082
	C      0.70782250       0.67310440       0.77638113
	C     -0.54324830       0.78649764      -0.10982947
	N     -1.37996637       1.94068614       0.14872002
	C      1.84078280      -0.00603515       0.02581970
	O      2.75018986       0.66942903      -0.50125551
	N      1.83954940      -1.37038370      -0.05783240
	C     -1.36438166      -0.49840757      -0.00885680
	O     -1.04158889      -1.52226816       0.59682577
	O     -2.54848764      -0.59698628      -0.66713432
	H     -0.91271939       2.78022198      -0.13143481
	H     -1.62610451       2.00098781       1.11685721
	H     -0.20647429       0.85641044      -1.19190797
	H      1.07480168       1.69495642       1.06202876
	H      0.46381359       0.11463783       1.71767799
	H      2.57169796      -1.83205008      -0.53704746
	H      1.11573780      -1.90662249       0.35548825
	H     -2.78202695       0.25030143      -1.07618254
-73.4556042934
	C      0.70865602       0.82395854      -0.88282856
	C     -0.65212765       0.98787619      -0.18167593
	N     -0.64061291       1.50368128       1.16415870
	C      1.69548289      -0.03025083      -0.11453895
	O      1.45247628      -0.47491723       1.03118498
	N      2.89992300      -0.30560662      -0.70364949
	C     -1.41678781      -0.32979737      -0.30186666
	O     -2.22028964      -0.56732949      -1.20512959
	O     -1.24495442      -1.35100991       0.57380650
	H     -0.24638891       2.42251427       1.18297662
	H     -0.13278319       0.90640635       1.78962309
	H     -1.24015359       1.73154259      -0.80956620
	H      0.52804432       0.37231956      -1.89520731
	H      1.16101095       1.84040954      -1.03393853
	H      3.56179948      -0.86643146      -0.22564704
	H      3.11223071       0.01671517      -1.61169913
	H     -0.55461102      -1.14425871       1.22418588
-73.4549701623
	C      0.54031636      -0.25575542       0.69048310
	C     -0.43003122       0.37342781      -0.32132518
	N     -0.36152879       1.81704602      -0.32497523
	C      1.95604210      -0.26998709       0.14205416
	O      2.50734650      -1.35129859      -0.15455911
	N      2.61848687       0.91687815      -0.00231069
	C     -1.82639995      -0.18309016      -0.04092957
	O     -2.79024561       0.45253513       0.38553540
	O     -2.08729714      -1.49751563      -0.28759764
	H     -0.69417003       2.19007345       0.54436607
	H     -0.91441233       2.19056799      -1.07220348
	H     -0.14096130       0.01828836      -1.35903811
	H      0.51018245       0.28612494       1.67130439
	H      0.24254729      -1.32167224       0.88054605
	H      3.53773693       0.91873417      -0.36940600
	H      2.17437312       1.77921776       0.18379271
	H     -1.29074233      -1.93710362      -0.61990270
0.0000000000
	C     -2.01202676       1.34875853      -1.87647278
	C     -1.31994197       0.00000000      -2.12826443
	N     -2.10084490      -1.18303461      -1.84076343
	C     -3.19584202       1.54231913      -2.80061075
	O     -3.73862703       0.58979949      -3.40241653
	N     -3.68608085       2.81288145      -2.95534080
	C     -0.00000000       0.00000000      -1.35905236
	O      1.12324149      -0.05573149      -1.86199627
	O      0.00000000       0.00000000       0.00000000
	H     -2.81504914      -1.29781751      -2.53784135
	H     -2.52664387      -1.12130122      -0.93713802
	H     -1.03899484      -0.04354183      -3.22687461
	H     -2.37128764       1.40700543      -0.81493265
	H     -1.25561825       2.16683337      -2.01923020
	H     -4.46466652       2.96857874      -3.54631449
	H     -3.27126951       3.58129718      -2.49631431
	H     -0.90381159       0.08597924       0.33981220
0.0000000000
	C      0.99986405      -0.23177626      -3.61330984
	C      1.31994197       0.00000000      -2.12826443
	N      2.28042116      -0.90261869      -1.53261663
	C      2.21492543       0.01057647      -4.48383052
	O      3.37726463       0.02551685      -4.02250221
	N      2.01308224       0.20042349      -5.82614999
	C      0.00000000      -0.00000000      -1.35905236
	O     -1.12324149       0.05573149      -1.86199627
	O      0.00000000       0.00000000       0.00000000
	H      3.20180103      -0.69388810      -1.87418814
	H      2.05674377      -1.85507007      -1.74347075
	H      1.73902101       1.04957859      -2.02565332
	H      0.64729690      -1.28507891      -3.77324261
	H      0.15694922       0.45121529      -3.90450920
	H      2.78927947       0.35239112      -6.42122216
	H      1.10546579       0.19930324      -6.21276044
	H      0.90381159      -0.08597924       0.33981220
-73.4585647113
	C     -0.73553348      -0.05785238       0.97511100
	C      0.66139161       0.57587030       0.89087858
	N      0.68776527       2.01544474       0.73869092
	C     -1.59639994       0.39393177      -0.19147455
	O     -2.21462583       1.48079990      -0.13799905
	N     -1.66827551      -0.40440709      -1.29723860
	C      1.46274548      -0.12243540      -0.20672123
	O      1.14841495      -1.17972143      -0.75847986
	O      2.66054390       0.37549762      -0.60756699
	H      0.38912264       2.45636098       1.58655772
	H      0.08645274       2.31050298      -0.00926708
	H      1.20255775       0.32327415       1.85621844
	H     -0.63177144      -1.17329848       1.00753468
	H     -1.24006381       0.27760680       1.91897175
	H     -2.20599413      -0.11774617      -2.07690910
	H     -1.11721242      -1.22564577      -1.36325166
	H      2.83492359       1.22884333      -0.18141304
-73.4577326029
	C      0.60755327      -0.62255135       0.27903581
	C     -0.47071622       0.36787176      -0.18779065
	N     -0.48505086       1.65524638       0.47137411
	C      1.99824876      -0.11241920      -0.03504460
	O      2.22916477       1.09023530      -0.28877550
	N      3.03001192      -1.01451265      -0.01783061
	C     -1.82543729      -0.33030586      -0.08189995
	O     -1.99846298      -1.53613272       0.10187633
	O     -2.97412569       0.37484459      -0.25597217
	H      0.30092712       2.20238422       0.16796145
	H     -0.45111383       1.54968731       1.46603999
	H     -0.30632380       0.56035466      -1.29399902
	H      0.52701600      -0.78874148       1.38593379
	H      0.42158129      -1.61046469      -0.22218431
	H      3.95127177      -0.70828635      -0.21068531
	H      2.87227319      -1.96939863       0.17334411
	H     -2.78113895       1.31964189      -0.35524112
-73.4569131866
	C     -0.60670286       0.95557418      -0.40065722
	C      0.64109709       0.69045278       0.46072653
	N      1.46018863       1.87742185       0.58169094
	C     -1.74568161       0.03112415      -0.01805119
	O     -1.61597791      -0.87368849       0.83765938
	N     -2.95194353       0.21065059      -0.63981870
	C      1.39033014      -0.50546477      -0.13284051
	O      2.34555078      -0.43012758      -0.90977935
	O      1.04124571      -1.77182595       0.20521119
	H      1.83711276       2.13969819      -0.30947707
	H      2.21451681       1.71241363       1.21938050
	H      0.30108050       0.40344000       1.50366184
	H     -0.94172921       2.01908000      -0.25777763
	H     -0.35751423       0.81442936      -1.48540170
	H     -3.71388884      -0.37806510      -0.40877060
	H     -3.07984940       0.91784007      -1.31569952
	H      0.25685951      -1.76658122       0.78079388
-73.4557044082
	C      0.70782250       0.67310440       0.77638113
	C     -0.54324830       0.78649764      -0.10982947
	N     -1.37996637       1.94068614       0.14872002
	C      1.84078280      -0.00603515       0.02581970
	O      2.75018986       0.66942903      -0.50125551
	N      1.83954940      -1.37038370      -0.05783240
	C     -1.36438166      -0.49840757      -0.00885680
	O     -1.04158889      -1.52226816       0.59682577
	O     -2.54848764      -0.59698628      -0.66713432
	H     -0.91271939       2.78022198      -0.13143481
	H     -1.62610451       2.00098781       1.11685721
	H     -0.20647429       0.85641044      -1.19190797
	H      1.07480168       1.69495642       1.06202876
	H      0.46381359       0.11463783       1.71767799
	H      2.57169796      -1.83205008      -0.53704746
	H      1.11573780      -1.90662249       0.35548825
	H     -2.78202695       0.25030143      -1.07618254
