 clust           1       energy   0.0000000000000000     
           1  9.00000000000000047E+299  9.00000000000000047E+299  9.00000000000000047E+299
           2  9.00000000000000047E+299  9.00000000000000047E+299  9.00000000000000047E+299
           3  9.00000000000000047E+299  9.00000000000000047E+299  9.00000000000000047E+299
           4  9.00000000000000047E+299  9.00000000000000047E+299  9.00000000000000047E+299
           5  9.00000000000000047E+299  9.00000000000000047E+299  9.00000000000000047E+299
           6  9.00000000000000047E+299  9.00000000000000047E+299  9.00000000000000047E+299
           7  9.00000000000000047E+299  9.00000000000000047E+299  9.00000000000000047E+299
           8  9.00000000000000047E+299  9.00000000000000047E+299  9.00000000000000047E+299
           9  9.00000000000000047E+299  9.00000000000000047E+299  9.00000000000000047E+299
          10  9.00000000000000047E+299  9.00000000000000047E+299  9.00000000000000047E+299
          11  9.00000000000000047E+299  9.00000000000000047E+299  9.00000000000000047E+299
          12  9.00000000000000047E+299  9.00000000000000047E+299  9.00000000000000047E+299
 clust           2       energy   0.0000000000000000     
           1  9.00000000000000047E+299  9.00000000000000047E+299  9.00000000000000047E+299
           2  9.00000000000000047E+299  9.00000000000000047E+299  9.00000000000000047E+299
           3  9.00000000000000047E+299  9.00000000000000047E+299  9.00000000000000047E+299
           4  9.00000000000000047E+299  9.00000000000000047E+299  9.00000000000000047E+299
           5  9.00000000000000047E+299  9.00000000000000047E+299  9.00000000000000047E+299
           6  9.00000000000000047E+299  9.00000000000000047E+299  9.00000000000000047E+299
           7  9.00000000000000047E+299  9.00000000000000047E+299  9.00000000000000047E+299
           8  9.00000000000000047E+299  9.00000000000000047E+299  9.00000000000000047E+299
           9  9.00000000000000047E+299  9.00000000000000047E+299  9.00000000000000047E+299
          10  9.00000000000000047E+299  9.00000000000000047E+299  9.00000000000000047E+299
          11  9.00000000000000047E+299  9.00000000000000047E+299  9.00000000000000047E+299
          12  9.00000000000000047E+299  9.00000000000000047E+299  9.00000000000000047E+299
 clust           3       energy   0.0000000000000000     
           1  9.00000000000000047E+299  9.00000000000000047E+299  9.00000000000000047E+299
           2  9.00000000000000047E+299  9.00000000000000047E+299  9.00000000000000047E+299
           3  9.00000000000000047E+299  9.00000000000000047E+299  9.00000000000000047E+299
           4  9.00000000000000047E+299  9.00000000000000047E+299  9.00000000000000047E+299
           5  9.00000000000000047E+299  9.00000000000000047E+299  9.00000000000000047E+299
           6  9.00000000000000047E+299  9.00000000000000047E+299  9.00000000000000047E+299
           7  9.00000000000000047E+299  9.00000000000000047E+299  9.00000000000000047E+299
           8  9.00000000000000047E+299  9.00000000000000047E+299  9.00000000000000047E+299
           9  9.00000000000000047E+299  9.00000000000000047E+299  9.00000000000000047E+299
          10  9.00000000000000047E+299  9.00000000000000047E+299  9.00000000000000047E+299
          11  9.00000000000000047E+299  9.00000000000000047E+299  9.00000000000000047E+299
          12  9.00000000000000047E+299  9.00000000000000047E+299  9.00000000000000047E+299
 clust           4       energy   0.0000000000000000     
           1  9.00000000000000047E+299  9.00000000000000047E+299  9.00000000000000047E+299
           2  9.00000000000000047E+299  9.00000000000000047E+299  9.00000000000000047E+299
           3  9.00000000000000047E+299  9.00000000000000047E+299  9.00000000000000047E+299
           4  9.00000000000000047E+299  9.00000000000000047E+299  9.00000000000000047E+299
           5  9.00000000000000047E+299  9.00000000000000047E+299  9.00000000000000047E+299
           6  9.00000000000000047E+299  9.00000000000000047E+299  9.00000000000000047E+299
           7  9.00000000000000047E+299  9.00000000000000047E+299  9.00000000000000047E+299
           8  9.00000000000000047E+299  9.00000000000000047E+299  9.00000000000000047E+299
           9  9.00000000000000047E+299  9.00000000000000047E+299  9.00000000000000047E+299
          10  9.00000000000000047E+299  9.00000000000000047E+299  9.00000000000000047E+299
          11  9.00000000000000047E+299  9.00000000000000047E+299  9.00000000000000047E+299
          12  9.00000000000000047E+299  9.00000000000000047E+299  9.00000000000000047E+299
 clust           5       energy   0.0000000000000000     
           1  9.00000000000000047E+299  9.00000000000000047E+299  9.00000000000000047E+299
           2  9.00000000000000047E+299  9.00000000000000047E+299  9.00000000000000047E+299
           3  9.00000000000000047E+299  9.00000000000000047E+299  9.00000000000000047E+299
           4  9.00000000000000047E+299  9.00000000000000047E+299  9.00000000000000047E+299
           5  9.00000000000000047E+299  9.00000000000000047E+299  9.00000000000000047E+299
           6  9.00000000000000047E+299  9.00000000000000047E+299  9.00000000000000047E+299
           7  9.00000000000000047E+299  9.00000000000000047E+299  9.00000000000000047E+299
           8  9.00000000000000047E+299  9.00000000000000047E+299  9.00000000000000047E+299
           9  9.00000000000000047E+299  9.00000000000000047E+299  9.00000000000000047E+299
          10  9.00000000000000047E+299  9.00000000000000047E+299  9.00000000000000047E+299
          11  9.00000000000000047E+299  9.00000000000000047E+299  9.00000000000000047E+299
          12  9.00000000000000047E+299  9.00000000000000047E+299  9.00000000000000047E+299
 clust           6       energy   0.0000000000000000     
           1  9.00000000000000047E+299  9.00000000000000047E+299  9.00000000000000047E+299
           2  9.00000000000000047E+299  9.00000000000000047E+299  9.00000000000000047E+299
           3  9.00000000000000047E+299  9.00000000000000047E+299  9.00000000000000047E+299
           4  9.00000000000000047E+299  9.00000000000000047E+299  9.00000000000000047E+299
           5  9.00000000000000047E+299  9.00000000000000047E+299  9.00000000000000047E+299
           6  9.00000000000000047E+299  9.00000000000000047E+299  9.00000000000000047E+299
           7  9.00000000000000047E+299  9.00000000000000047E+299  9.00000000000000047E+299
           8  9.00000000000000047E+299  9.00000000000000047E+299  9.00000000000000047E+299
           9  9.00000000000000047E+299  9.00000000000000047E+299  9.00000000000000047E+299
          10  9.00000000000000047E+299  9.00000000000000047E+299  9.00000000000000047E+299
          11  9.00000000000000047E+299  9.00000000000000047E+299  9.00000000000000047E+299
          12  9.00000000000000047E+299  9.00000000000000047E+299  9.00000000000000047E+299
 clust           7       energy   0.0000000000000000     
           1  9.00000000000000047E+299  9.00000000000000047E+299  9.00000000000000047E+299
           2  9.00000000000000047E+299  9.00000000000000047E+299  9.00000000000000047E+299
           3  9.00000000000000047E+299  9.00000000000000047E+299  9.00000000000000047E+299
           4  9.00000000000000047E+299  9.00000000000000047E+299  9.00000000000000047E+299
           5  9.00000000000000047E+299  9.00000000000000047E+299  9.00000000000000047E+299
           6  9.00000000000000047E+299  9.00000000000000047E+299  9.00000000000000047E+299
           7  9.00000000000000047E+299  9.00000000000000047E+299  9.00000000000000047E+299
           8  9.00000000000000047E+299  9.00000000000000047E+299  9.00000000000000047E+299
           9  9.00000000000000047E+299  9.00000000000000047E+299  9.00000000000000047E+299
          10  9.00000000000000047E+299  9.00000000000000047E+299  9.00000000000000047E+299
          11  9.00000000000000047E+299  9.00000000000000047E+299  9.00000000000000047E+299
          12  9.00000000000000047E+299  9.00000000000000047E+299  9.00000000000000047E+299
 clust           8       energy   0.0000000000000000     
           1  9.00000000000000047E+299  9.00000000000000047E+299  9.00000000000000047E+299
           2  9.00000000000000047E+299  9.00000000000000047E+299  9.00000000000000047E+299
           3  9.00000000000000047E+299  9.00000000000000047E+299  9.00000000000000047E+299
           4  9.00000000000000047E+299  9.00000000000000047E+299  9.00000000000000047E+299
           5  9.00000000000000047E+299  9.00000000000000047E+299  9.00000000000000047E+299
           6  9.00000000000000047E+299  9.00000000000000047E+299  9.00000000000000047E+299
           7  9.00000000000000047E+299  9.00000000000000047E+299  9.00000000000000047E+299
           8  9.00000000000000047E+299  9.00000000000000047E+299  9.00000000000000047E+299
           9  9.00000000000000047E+299  9.00000000000000047E+299  9.00000000000000047E+299
          10  9.00000000000000047E+299  9.00000000000000047E+299  9.00000000000000047E+299
          11  9.00000000000000047E+299  9.00000000000000047E+299  9.00000000000000047E+299
          12  9.00000000000000047E+299  9.00000000000000047E+299  9.00000000000000047E+299
 clust           9       energy   0.0000000000000000     
           1  9.00000000000000047E+299  9.00000000000000047E+299  9.00000000000000047E+299
           2  9.00000000000000047E+299  9.00000000000000047E+299  9.00000000000000047E+299
           3  9.00000000000000047E+299  9.00000000000000047E+299  9.00000000000000047E+299
           4  9.00000000000000047E+299  9.00000000000000047E+299  9.00000000000000047E+299
           5  9.00000000000000047E+299  9.00000000000000047E+299  9.00000000000000047E+299
           6  9.00000000000000047E+299  9.00000000000000047E+299  9.00000000000000047E+299
           7  9.00000000000000047E+299  9.00000000000000047E+299  9.00000000000000047E+299
           8  9.00000000000000047E+299  9.00000000000000047E+299  9.00000000000000047E+299
           9  9.00000000000000047E+299  9.00000000000000047E+299  9.00000000000000047E+299
          10  9.00000000000000047E+299  9.00000000000000047E+299  9.00000000000000047E+299
          11  9.00000000000000047E+299  9.00000000000000047E+299  9.00000000000000047E+299
          12  9.00000000000000047E+299  9.00000000000000047E+299  9.00000000000000047E+299
 clust          10       energy   0.0000000000000000     
           1  9.00000000000000047E+299  9.00000000000000047E+299  9.00000000000000047E+299
           2  9.00000000000000047E+299  9.00000000000000047E+299  9.00000000000000047E+299
           3  9.00000000000000047E+299  9.00000000000000047E+299  9.00000000000000047E+299
           4  9.00000000000000047E+299  9.00000000000000047E+299  9.00000000000000047E+299
           5  9.00000000000000047E+299  9.00000000000000047E+299  9.00000000000000047E+299
           6  9.00000000000000047E+299  9.00000000000000047E+299  9.00000000000000047E+299
           7  9.00000000000000047E+299  9.00000000000000047E+299  9.00000000000000047E+299
           8  9.00000000000000047E+299  9.00000000000000047E+299  9.00000000000000047E+299
           9  9.00000000000000047E+299  9.00000000000000047E+299  9.00000000000000047E+299
          10  9.00000000000000047E+299  9.00000000000000047E+299  9.00000000000000047E+299
          11  9.00000000000000047E+299  9.00000000000000047E+299  9.00000000000000047E+299
          12  9.00000000000000047E+299  9.00000000000000047E+299  9.00000000000000047E+299
 clust          11       energy   0.0000000000000000     
           1  9.00000000000000047E+299  9.00000000000000047E+299  9.00000000000000047E+299
           2  9.00000000000000047E+299  9.00000000000000047E+299  9.00000000000000047E+299
           3  9.00000000000000047E+299  9.00000000000000047E+299  9.00000000000000047E+299
           4  9.00000000000000047E+299  9.00000000000000047E+299  9.00000000000000047E+299
           5  9.00000000000000047E+299  9.00000000000000047E+299  9.00000000000000047E+299
           6  9.00000000000000047E+299  9.00000000000000047E+299  9.00000000000000047E+299
           7  9.00000000000000047E+299  9.00000000000000047E+299  9.00000000000000047E+299
           8  9.00000000000000047E+299  9.00000000000000047E+299  9.00000000000000047E+299
           9  9.00000000000000047E+299  9.00000000000000047E+299  9.00000000000000047E+299
          10  9.00000000000000047E+299  9.00000000000000047E+299  9.00000000000000047E+299
          11  9.00000000000000047E+299  9.00000000000000047E+299  9.00000000000000047E+299
          12  9.00000000000000047E+299  9.00000000000000047E+299  9.00000000000000047E+299
 clust          12       energy   0.0000000000000000     
           1  9.00000000000000047E+299  9.00000000000000047E+299  9.00000000000000047E+299
           2  9.00000000000000047E+299  9.00000000000000047E+299  9.00000000000000047E+299
           3  9.00000000000000047E+299  9.00000000000000047E+299  9.00000000000000047E+299
           4  9.00000000000000047E+299  9.00000000000000047E+299  9.00000000000000047E+299
           5  9.00000000000000047E+299  9.00000000000000047E+299  9.00000000000000047E+299
           6  9.00000000000000047E+299  9.00000000000000047E+299  9.00000000000000047E+299
           7  9.00000000000000047E+299  9.00000000000000047E+299  9.00000000000000047E+299
           8  9.00000000000000047E+299  9.00000000000000047E+299  9.00000000000000047E+299
           9  9.00000000000000047E+299  9.00000000000000047E+299  9.00000000000000047E+299
          10  9.00000000000000047E+299  9.00000000000000047E+299  9.00000000000000047E+299
          11  9.00000000000000047E+299  9.00000000000000047E+299  9.00000000000000047E+299
          12  9.00000000000000047E+299  9.00000000000000047E+299  9.00000000000000047E+299
 clust          13       energy   0.0000000000000000     
           1  9.00000000000000047E+299  9.00000000000000047E+299  9.00000000000000047E+299
           2  9.00000000000000047E+299  9.00000000000000047E+299  9.00000000000000047E+299
           3  9.00000000000000047E+299  9.00000000000000047E+299  9.00000000000000047E+299
           4  9.00000000000000047E+299  9.00000000000000047E+299  9.00000000000000047E+299
           5  9.00000000000000047E+299  9.00000000000000047E+299  9.00000000000000047E+299
           6  9.00000000000000047E+299  9.00000000000000047E+299  9.00000000000000047E+299
           7  9.00000000000000047E+299  9.00000000000000047E+299  9.00000000000000047E+299
           8  9.00000000000000047E+299  9.00000000000000047E+299  9.00000000000000047E+299
           9  9.00000000000000047E+299  9.00000000000000047E+299  9.00000000000000047E+299
          10  9.00000000000000047E+299  9.00000000000000047E+299  9.00000000000000047E+299
          11  9.00000000000000047E+299  9.00000000000000047E+299  9.00000000000000047E+299
          12  9.00000000000000047E+299  9.00000000000000047E+299  9.00000000000000047E+299
 clust          14       energy   0.0000000000000000     
           1  9.00000000000000047E+299  9.00000000000000047E+299  9.00000000000000047E+299
           2  9.00000000000000047E+299  9.00000000000000047E+299  9.00000000000000047E+299
           3  9.00000000000000047E+299  9.00000000000000047E+299  9.00000000000000047E+299
           4  9.00000000000000047E+299  9.00000000000000047E+299  9.00000000000000047E+299
           5  9.00000000000000047E+299  9.00000000000000047E+299  9.00000000000000047E+299
           6  9.00000000000000047E+299  9.00000000000000047E+299  9.00000000000000047E+299
           7  9.00000000000000047E+299  9.00000000000000047E+299  9.00000000000000047E+299
           8  9.00000000000000047E+299  9.00000000000000047E+299  9.00000000000000047E+299
           9  9.00000000000000047E+299  9.00000000000000047E+299  9.00000000000000047E+299
          10  9.00000000000000047E+299  9.00000000000000047E+299  9.00000000000000047E+299
          11  9.00000000000000047E+299  9.00000000000000047E+299  9.00000000000000047E+299
          12  9.00000000000000047E+299  9.00000000000000047E+299  9.00000000000000047E+299
 clust          15       energy   0.0000000000000000     
           1  9.00000000000000047E+299  9.00000000000000047E+299  9.00000000000000047E+299
           2  9.00000000000000047E+299  9.00000000000000047E+299  9.00000000000000047E+299
           3  9.00000000000000047E+299  9.00000000000000047E+299  9.00000000000000047E+299
           4  9.00000000000000047E+299  9.00000000000000047E+299  9.00000000000000047E+299
           5  9.00000000000000047E+299  9.00000000000000047E+299  9.00000000000000047E+299
           6  9.00000000000000047E+299  9.00000000000000047E+299  9.00000000000000047E+299
           7  9.00000000000000047E+299  9.00000000000000047E+299  9.00000000000000047E+299
           8  9.00000000000000047E+299  9.00000000000000047E+299  9.00000000000000047E+299
           9  9.00000000000000047E+299  9.00000000000000047E+299  9.00000000000000047E+299
          10  9.00000000000000047E+299  9.00000000000000047E+299  9.00000000000000047E+299
          11  9.00000000000000047E+299  9.00000000000000047E+299  9.00000000000000047E+299
          12  9.00000000000000047E+299  9.00000000000000047E+299  9.00000000000000047E+299
 clust          16       energy   0.0000000000000000     
           1 -1.48701690847778306E+284 -1.48701690847778306E+284 -1.48701690847778306E+284
           2 -1.48701690847778306E+284 -1.48701690847778306E+284 -1.48701690847778306E+284
           3 -1.48701690847778306E+284 -1.48701690847778306E+284 -1.48701690847778306E+284
           4 -1.48701690847778306E+284 -1.48701690847778306E+284 -1.48701690847778306E+284
           5 -1.48701690847778306E+284 -1.48701690847778306E+284 -1.48701690847778306E+284
           6 -1.48701690847778306E+284 -1.48701690847778306E+284 -1.48701690847778306E+284
           7 -1.48701690847778306E+284 -1.48701690847778306E+284 -1.48701690847778306E+284
           8 -1.48701690847778306E+284 -1.48701690847778306E+284 -1.48701690847778306E+284
           9 -1.48701690847778306E+284 -1.48701690847778306E+284 -1.48701690847778306E+284
          10 -1.48701690847778306E+284 -1.48701690847778306E+284 -1.48701690847778306E+284
          11 -1.48701690847778306E+284 -1.48701690847778306E+284  1.49999999999999859E+299
          12 -1.48701690847778306E+284  1.49999999999999859E+299  1.49999999999999859E+299
 clust          17       energy   0.0000000000000000     
           1  2.81095504760742207E+295  2.81095504760742207E+295  2.81095504760742207E+295
           2  2.81095504760742207E+295  2.81095504760742207E+295  2.81095504760742207E+295
           3  2.81095504760742207E+295  2.81095504760742207E+295  2.81095504760742207E+295
           4  2.81095504760742207E+295  2.81095504760742207E+295  2.81095504760742207E+295
           5  2.81095504760742207E+295  2.81095504760742207E+295  2.81095504760742207E+295
           6  2.81095504760742207E+295  2.81095504760742207E+295  2.81095504760742207E+295
           7  2.81095504760742207E+295  2.81095504760742207E+295  2.81095504760742207E+295
           8  2.81095504760742207E+295  2.81095504760742207E+295  2.81095504760742207E+295
           9  2.81095504760742207E+295  2.81095504760742207E+295  2.81095504760742207E+295
          10  2.81095504760742207E+295  2.81095504760742207E+295  2.81095504760742207E+295
          11  2.81095504760742207E+295  2.81095504760742207E+295  2.81095504760742207E+295
          12  2.81095504760742207E+295  2.81095504760742207E+295  2.81095504760742207E+295
 clust          18       energy   0.0000000000000000     
           1 -1.48701690847778306E+284 -1.48701690847778306E+284 -1.48701690847778306E+284
           2 -1.48701690847778306E+284 -1.48701690847778306E+284 -1.48701690847778306E+284
           3 -1.48701690847778306E+284 -1.48701690847778306E+284 -1.48701690847778306E+284
           4 -1.48701690847778306E+284 -1.48701690847778306E+284 -1.48701690847778306E+284
           5 -1.48701690847778306E+284 -1.48701690847778306E+284 -1.48701690847778306E+284
           6 -1.48701690847778306E+284 -1.48701690847778306E+284 -1.48701690847778306E+284
           7 -1.48701690847778306E+284 -1.48701690847778306E+284 -1.48701690847778306E+284
           8 -1.48701690847778306E+284 -1.48701690847778306E+284 -1.48701690847778306E+284
           9 -1.48701690847778306E+284 -1.48701690847778306E+284 -1.48701690847778306E+284
          10 -1.48701690847778306E+284 -1.48701690847778306E+284 -1.48701690847778306E+284
          11 -1.48701690847778306E+284 -1.48701690847778306E+284  1.49999999999999859E+299
          12 -1.48701690847778306E+284  1.49999999999999859E+299  1.49999999999999859E+299
 clust          19       energy   0.0000000000000000     
           1  2.81095504760742207E+295  2.81095504760742207E+295  2.81095504760742207E+295
           2  2.81095504760742207E+295  2.81095504760742207E+295  2.81095504760742207E+295
           3  2.81095504760742207E+295  2.81095504760742207E+295  2.81095504760742207E+295
           4  2.81095504760742207E+295  2.81095504760742207E+295  2.81095504760742207E+295
           5  2.81095504760742207E+295  2.81095504760742207E+295  2.81095504760742207E+295
           6  2.81095504760742207E+295  2.81095504760742207E+295  2.81095504760742207E+295
           7  2.81095504760742207E+295  2.81095504760742207E+295  2.81095504760742207E+295
           8  2.81095504760742207E+295  2.81095504760742207E+295  2.81095504760742207E+295
           9  2.81095504760742207E+295  2.81095504760742207E+295  2.81095504760742207E+295
          10  2.81095504760742207E+295  2.81095504760742207E+295  2.81095504760742207E+295
          11  2.81095504760742207E+295  2.81095504760742207E+295  2.81095504760742207E+295
          12  2.81095504760742207E+295  2.81095504760742207E+295  2.81095504760742207E+295
 clust          20       energy   0.0000000000000000     
           1 -1.48701690847778306E+284 -1.48701690847778306E+284 -1.48701690847778306E+284
           2 -1.48701690847778306E+284 -1.48701690847778306E+284 -1.48701690847778306E+284
           3 -1.48701690847778306E+284 -1.48701690847778306E+284 -1.48701690847778306E+284
           4 -1.48701690847778306E+284 -1.48701690847778306E+284 -1.48701690847778306E+284
           5 -1.48701690847778306E+284 -1.48701690847778306E+284 -1.48701690847778306E+284
           6 -1.48701690847778306E+284 -1.48701690847778306E+284 -1.48701690847778306E+284
           7 -1.48701690847778306E+284 -1.48701690847778306E+284 -1.48701690847778306E+284
           8 -1.48701690847778306E+284 -1.48701690847778306E+284 -1.48701690847778306E+284
           9 -1.48701690847778306E+284 -1.48701690847778306E+284 -1.48701690847778306E+284
          10 -1.48701690847778306E+284 -1.48701690847778306E+284 -1.48701690847778306E+284
          11 -1.48701690847778306E+284 -1.48701690847778306E+284  1.49999999999999859E+299
          12 -1.48701690847778306E+284  1.49999999999999859E+299  1.49999999999999859E+299
 clust          21       energy   0.0000000000000000     
           1  2.81095504760742207E+295  2.81095504760742207E+295  2.81095504760742207E+295
           2  2.81095504760742207E+295  2.81095504760742207E+295  2.81095504760742207E+295
           3  2.81095504760742207E+295  2.81095504760742207E+295  2.81095504760742207E+295
           4  2.81095504760742207E+295  2.81095504760742207E+295  2.81095504760742207E+295
           5  2.81095504760742207E+295  2.81095504760742207E+295  2.81095504760742207E+295
           6  2.81095504760742207E+295  2.81095504760742207E+295  2.81095504760742207E+295
           7  2.81095504760742207E+295  2.81095504760742207E+295  2.81095504760742207E+295
           8  2.81095504760742207E+295  2.81095504760742207E+295  2.81095504760742207E+295
           9  2.81095504760742207E+295  2.81095504760742207E+295  2.81095504760742207E+295
          10  2.81095504760742207E+295  2.81095504760742207E+295  2.81095504760742207E+295
          11  2.81095504760742207E+295  2.81095504760742207E+295  2.81095504760742207E+295
          12  2.81095504760742207E+295  2.81095504760742207E+295  2.81095504760742207E+295
 clust          22       energy   0.0000000000000000     
           1 -1.48701690847778306E+284 -1.48701690847778306E+284 -1.48701690847778306E+284
           2 -1.48701690847778306E+284 -1.48701690847778306E+284 -1.48701690847778306E+284
           3 -1.48701690847778306E+284 -1.48701690847778306E+284 -1.48701690847778306E+284
           4 -1.48701690847778306E+284 -1.48701690847778306E+284 -1.48701690847778306E+284
           5 -1.48701690847778306E+284 -1.48701690847778306E+284 -1.48701690847778306E+284
           6 -1.48701690847778306E+284 -1.48701690847778306E+284 -1.48701690847778306E+284
           7 -1.48701690847778306E+284 -1.48701690847778306E+284 -1.48701690847778306E+284
           8 -1.48701690847778306E+284 -1.48701690847778306E+284 -1.48701690847778306E+284
           9 -1.48701690847778306E+284 -1.48701690847778306E+284 -1.48701690847778306E+284
          10 -1.48701690847778306E+284 -1.48701690847778306E+284 -1.48701690847778306E+284
          11 -1.48701690847778306E+284 -1.48701690847778306E+284  1.49999999999999859E+299
          12 -1.48701690847778306E+284  1.49999999999999859E+299  1.49999999999999859E+299
 clust          23       energy   0.0000000000000000     
           1  2.81095504760742207E+295  2.81095504760742207E+295  2.81095504760742207E+295
           2  2.81095504760742207E+295  2.81095504760742207E+295  2.81095504760742207E+295
           3  2.81095504760742207E+295  2.81095504760742207E+295  2.81095504760742207E+295
           4  2.81095504760742207E+295  2.81095504760742207E+295  2.81095504760742207E+295
           5  2.81095504760742207E+295  2.81095504760742207E+295  2.81095504760742207E+295
           6  2.81095504760742207E+295  2.81095504760742207E+295  2.81095504760742207E+295
           7  2.81095504760742207E+295  2.81095504760742207E+295  2.81095504760742207E+295
           8  2.81095504760742207E+295  2.81095504760742207E+295  2.81095504760742207E+295
           9  2.81095504760742207E+295  2.81095504760742207E+295  2.81095504760742207E+295
          10  2.81095504760742207E+295  2.81095504760742207E+295  2.81095504760742207E+295
          11  2.81095504760742207E+295  2.81095504760742207E+295  2.81095504760742207E+295
          12  2.81095504760742207E+295  2.81095504760742207E+295  2.81095504760742207E+295
 clust          24       energy   0.0000000000000000     
           1 -1.48701690847778306E+284 -1.48701690847778306E+284 -1.48701690847778306E+284
           2 -1.48701690847778306E+284 -1.48701690847778306E+284 -1.48701690847778306E+284
           3 -1.48701690847778306E+284 -1.48701690847778306E+284 -1.48701690847778306E+284
           4 -1.48701690847778306E+284 -1.48701690847778306E+284 -1.48701690847778306E+284
           5 -1.48701690847778306E+284 -1.48701690847778306E+284 -1.48701690847778306E+284
           6 -1.48701690847778306E+284 -1.48701690847778306E+284 -1.48701690847778306E+284
           7 -1.48701690847778306E+284 -1.48701690847778306E+284 -1.48701690847778306E+284
           8 -1.48701690847778306E+284 -1.48701690847778306E+284 -1.48701690847778306E+284
           9 -1.48701690847778306E+284 -1.48701690847778306E+284 -1.48701690847778306E+284
          10 -1.48701690847778306E+284 -1.48701690847778306E+284 -1.48701690847778306E+284
          11 -1.48701690847778306E+284 -1.48701690847778306E+284  1.49999999999999859E+299
          12 -1.48701690847778306E+284  1.49999999999999859E+299  1.49999999999999859E+299
 clust          25       energy   0.0000000000000000     
           1  2.81095504760742207E+295  2.81095504760742207E+295  2.81095504760742207E+295
           2  2.81095504760742207E+295  2.81095504760742207E+295  2.81095504760742207E+295
           3  2.81095504760742207E+295  2.81095504760742207E+295  2.81095504760742207E+295
           4  2.81095504760742207E+295  2.81095504760742207E+295  2.81095504760742207E+295
           5  2.81095504760742207E+295  2.81095504760742207E+295  2.81095504760742207E+295
           6  2.81095504760742207E+295  2.81095504760742207E+295  2.81095504760742207E+295
           7  2.81095504760742207E+295  2.81095504760742207E+295  2.81095504760742207E+295
           8  2.81095504760742207E+295  2.81095504760742207E+295  2.81095504760742207E+295
           9  2.81095504760742207E+295  2.81095504760742207E+295  2.81095504760742207E+295
          10  2.81095504760742207E+295  2.81095504760742207E+295  2.81095504760742207E+295
          11  2.81095504760742207E+295  2.81095504760742207E+295  2.81095504760742207E+295
          12  2.81095504760742207E+295  2.81095504760742207E+295  2.81095504760742207E+295
 clust          26       energy   0.0000000000000000     
           1 -1.48701690847778306E+284 -1.48701690847778306E+284 -1.48701690847778306E+284
           2 -1.48701690847778306E+284 -1.48701690847778306E+284 -1.48701690847778306E+284
           3 -1.48701690847778306E+284 -1.48701690847778306E+284 -1.48701690847778306E+284
           4 -1.48701690847778306E+284 -1.48701690847778306E+284 -1.48701690847778306E+284
           5 -1.48701690847778306E+284 -1.48701690847778306E+284 -1.48701690847778306E+284
           6 -1.48701690847778306E+284 -1.48701690847778306E+284 -1.48701690847778306E+284
           7 -1.48701690847778306E+284 -1.48701690847778306E+284 -1.48701690847778306E+284
           8 -1.48701690847778306E+284 -1.48701690847778306E+284 -1.48701690847778306E+284
           9 -1.48701690847778306E+284 -1.48701690847778306E+284 -1.48701690847778306E+284
          10 -1.48701690847778306E+284 -1.48701690847778306E+284 -1.48701690847778306E+284
          11 -1.48701690847778306E+284 -1.48701690847778306E+284  1.49999999999999859E+299
          12 -1.48701690847778306E+284  1.49999999999999859E+299  1.49999999999999859E+299
 clust          27       energy   0.0000000000000000     
           1  2.81095504760742207E+295  2.81095504760742207E+295  2.81095504760742207E+295
           2  2.81095504760742207E+295  2.81095504760742207E+295  2.81095504760742207E+295
           3  2.81095504760742207E+295  2.81095504760742207E+295  2.81095504760742207E+295
           4  2.81095504760742207E+295  2.81095504760742207E+295  2.81095504760742207E+295
           5  2.81095504760742207E+295  2.81095504760742207E+295  2.81095504760742207E+295
           6  2.81095504760742207E+295  2.81095504760742207E+295  2.81095504760742207E+295
           7  2.81095504760742207E+295  2.81095504760742207E+295  2.81095504760742207E+295
           8  2.81095504760742207E+295  2.81095504760742207E+295  2.81095504760742207E+295
           9  2.81095504760742207E+295  2.81095504760742207E+295  2.81095504760742207E+295
          10  2.81095504760742207E+295  2.81095504760742207E+295  2.81095504760742207E+295
          11  2.81095504760742207E+295  2.81095504760742207E+295  2.81095504760742207E+295
          12  2.81095504760742207E+295  2.81095504760742207E+295  2.81095504760742207E+295
 clust          28       energy   0.0000000000000000     
           1 -1.48701690847778306E+284 -1.48701690847778306E+284 -1.48701690847778306E+284
           2 -1.48701690847778306E+284 -1.48701690847778306E+284 -1.48701690847778306E+284
           3 -1.48701690847778306E+284 -1.48701690847778306E+284 -1.48701690847778306E+284
           4 -1.48701690847778306E+284 -1.48701690847778306E+284 -1.48701690847778306E+284
           5 -1.48701690847778306E+284 -1.48701690847778306E+284 -1.48701690847778306E+284
           6 -1.48701690847778306E+284 -1.48701690847778306E+284 -1.48701690847778306E+284
           7 -1.48701690847778306E+284 -1.48701690847778306E+284 -1.48701690847778306E+284
           8 -1.48701690847778306E+284 -1.48701690847778306E+284 -1.48701690847778306E+284
           9 -1.48701690847778306E+284 -1.48701690847778306E+284 -1.48701690847778306E+284
          10 -1.48701690847778306E+284 -1.48701690847778306E+284 -1.48701690847778306E+284
          11 -1.48701690847778306E+284 -1.48701690847778306E+284  1.49999999999999859E+299
          12 -1.48701690847778306E+284  1.49999999999999859E+299  1.49999999999999859E+299
 clust          29       energy   0.0000000000000000     
           1  2.81095504760742207E+295  2.81095504760742207E+295  2.81095504760742207E+295
           2  2.81095504760742207E+295  2.81095504760742207E+295  2.81095504760742207E+295
           3  2.81095504760742207E+295  2.81095504760742207E+295  2.81095504760742207E+295
           4  2.81095504760742207E+295  2.81095504760742207E+295  2.81095504760742207E+295
           5  2.81095504760742207E+295  2.81095504760742207E+295  2.81095504760742207E+295
           6  2.81095504760742207E+295  2.81095504760742207E+295  2.81095504760742207E+295
           7  2.81095504760742207E+295  2.81095504760742207E+295  2.81095504760742207E+295
           8  2.81095504760742207E+295  2.81095504760742207E+295  2.81095504760742207E+295
           9  2.81095504760742207E+295  2.81095504760742207E+295  2.81095504760742207E+295
          10  2.81095504760742207E+295  2.81095504760742207E+295  2.81095504760742207E+295
          11  2.81095504760742207E+295  2.81095504760742207E+295  2.81095504760742207E+295
          12  2.81095504760742207E+295  2.81095504760742207E+295  2.81095504760742207E+295
 clust          30       energy   0.0000000000000000     
           1 -1.48701690847778306E+284 -1.48701690847778306E+284 -1.48701690847778306E+284
           2 -1.48701690847778306E+284 -1.48701690847778306E+284 -1.48701690847778306E+284
           3 -1.48701690847778306E+284 -1.48701690847778306E+284 -1.48701690847778306E+284
           4 -1.48701690847778306E+284 -1.48701690847778306E+284 -1.48701690847778306E+284
           5 -1.48701690847778306E+284 -1.48701690847778306E+284 -1.48701690847778306E+284
           6 -1.48701690847778306E+284 -1.48701690847778306E+284 -1.48701690847778306E+284
           7 -1.48701690847778306E+284 -1.48701690847778306E+284 -1.48701690847778306E+284
           8 -1.48701690847778306E+284 -1.48701690847778306E+284 -1.48701690847778306E+284
           9 -1.48701690847778306E+284 -1.48701690847778306E+284 -1.48701690847778306E+284
          10 -1.48701690847778306E+284 -1.48701690847778306E+284 -1.48701690847778306E+284
          11 -1.48701690847778306E+284 -1.48701690847778306E+284  1.49999999999999859E+299
          12 -1.48701690847778306E+284  1.49999999999999859E+299  1.49999999999999859E+299
